3.709269960975831
3.709269960975831
3.709269960975831
3.709269960975831
3.5331787019201495
3.165201916625555
3.709269960975831
3.709269960975831
3.709269960975831
3.709269960975831
2.612359947967774
3.4082399653118496
3.709269960975831
3.5331787019201495
1.8007849420971809
2.165201916625555
3.4082399653118496
3.709269960975831
3.709269960975831
3.709269960975831
2.165201916625555
3.5331787019201495
3.709269960975831
3.709269960975831
3.5331787019201495
3.709269960975831
2.397516099920076
3.709269960975831
3.709269960975831
3.5331787019201495
3.5331787019201495
3.709269960975831
3.709269960975831
3.709269960975831
3.709269960975831
3.5331787019201495
2.968907271481587
3.4082399653118496
3.709269960975831
3.709269960975831
3.709269960975831
1.9030899869919435
3.709269960975831
2.709269960975831
3.709269960975831
3.709269960975831
3.709269960975831
3.709269960975831
3.709269960975831
2.667877275817606
3.4082399653118496
3.709269960975831
3.709269960975831
3.709269960975831
3.709269960975831
3.709269960975831
3.709269960975831
3.5331787019201495
3.709269960975831
3.709269960975831
3.709269960975831
3.709269960975831
3.5331787019201495
3.5331787019201495
3.709269960975831
3.709269960975831
3.5331787019201495
3.709269960975831
3.709269960975831
1.8429826218916359
3.709269960975831
2.648572120622219
3.709269960975831
3.056057447200487
2.968907271481587
3.056057447200487
3.709269960975831
3.709269960975831
3.2321487062561682
3.709269960975831
3.709269960975831
3.709269960975831
3.709269960975831
3.709269960975831
3.709269960975831
2.709269960975831
3.709269960975831
3.709269960975831
3.709269960975831
3.165201916625555
3.5331787019201495
3.4082399653118496
3.709269960975831
3.709269960975831
3.709269960975831
3.709269960975831
3.709269960975831
3.709269960975831
3.709269960975831
3.5331787019201495
3.709269960975831
3.709269960975831
3.5331787019201495
3.709269960975831
3.709269960975831
3.709269960975831
3.709269960975831
3.709269960975831
3.5331787019201495
3.709269960975831
3.709269960975831
3.709269960975831
3.709269960975831
3.709269960975831
3.709269960975831
3.709269960975831
3.709269960975831
3.709269960975831
3.709269960975831
3.709269960975831
3.709269960975831
3.709269960975831
3.709269960975831
3.5331787019201495
2.5631419252975927
3.709269960975831
3.709269960975831
3.709269960975831
3.709269960975831
3.709269960975831
3.709269960975831
3.709269960975831
3.4082399653118496
3.3113299523037933
3.709269960975831
3.709269960975831
2.3475421249582378
3.709269960975831
3.709269960975831
3.709269960975831
3.5331787019201495
3.709269960975831
3.709269960975831
3.709269960975831
3.709269960975831
3.709269960975831
3.709269960975831
3.709269960975831
3.709269960975831
3.709269960975831
3.709269960975831
3.4082399653118496
3.709269960975831
3.709269960975831
3.5331787019201495
3.709269960975831
3.709269960975831
3.709269960975831
3.709269960975831
3.709269960975831
3.709269960975831
3.709269960975831
3.5331787019201495
3.709269960975831
3.709269960975831
3.709269960975831
3.709269960975831
3.709269960975831
3.709269960975831
3.4082399653118496
3.709269960975831
3.709269960975831
3.709269960975831
3.709269960975831
3.709269960975831
3.709269960975831
3.709269960975831
3.709269960975831
3.709269960975831
3.5331787019201495
3.709269960975831
3.709269960975831
3.709269960975831
3.709269960975831
3.709269960975831
3.709269960975831
3.709269960975831
3.709269960975831
3.709269960975831
3.709269960975831
3.709269960975831
3.709269960975831
3.709269960975831
3.709269960975831
3.709269960975831
3.709269960975831
3.709269960975831
3.709269960975831
2.630088714928206
3.709269960975831
3.709269960975831
3.5331787019201495
3.709269960975831
3.4082399653118496
3.5331787019201495
3.709269960975831
2.5953266086689943
3.709269960975831
3.709269960975831
3.709269960975831
3.709269960975831
3.709269960975831
3.709269960975831
3.709269960975831
3.709269960975831
3.709269960975831
3.709269960975831
2.6880806619058926
3.709269960975831
3.709269960975831
3.709269960975831
3.709269960975831
3.709269960975831
3.709269960975831
3.709269960975831
3.709269960975831
3.709269960975831
3.709269960975831
3.709269960975831
3.709269960975831
3.709269960975831
3.709269960975831
3.709269960975831
3.709269960975831
3.709269960975831
3.709269960975831
3.709269960975831
3.709269960975831
3.709269960975831
3.709269960975831
3.709269960975831
3.709269960975831
3.709269960975831
3.709269960975831
3.709269960975831
3.709269960975831
3.709269960975831
3.709269960975831
3.709269960975831
3.709269960975831
3.5331787019201495
2.864171920961574
3.709269960975831
3.709269960975831
2.931118710592187
3.709269960975831
3.709269960975831
3.709269960975831
3.709269960975831
3.709269960975831
3.709269960975831
3.709269960975831
3.709269960975831
3.709269960975831
3.709269960975831
3.709269960975831
3.709269960975831
3.709269960975831
3.709269960975831
3.709269960975831
3.709269960975831
3.709269960975831
3.709269960975831
3.709269960975831
3.709269960975831
3.709269960975831
3.709269960975831
3.709269960975831
2.931118710592187
3.709269960975831
3.709269960975831
3.709269960975831
3.709269960975831
3.709269960975831
3.709269960975831
3.709269960975831
3.709269960975831
3.709269960975831
3.709269960975831
3.709269960975831
3.709269960975831
3.709269960975831
3.709269960975831
3.709269960975831
3.709269960975831
3.709269960975831
3.709269960975831
3.709269960975831
3.709269960975831
3.709269960975831
3.709269960975831
3.709269960975831
3.709269960975831
3.709269960975831
3.709269960975831
3.709269960975831
3.709269960975831
3.709269960975831
3.709269960975831
3.709269960975831
3.5331787019201495
3.709269960975831
3.709269960975831
3.709269960975831
3.709269960975831
3.709269960975831
2.968907271481587
3.709269960975831
3.709269960975831
3.709269960975831
3.709269960975831
3.709269960975831
3.709269960975831
3.709269960975831
3.709269960975831
3.709269960975831
3.709269960975831
3.709269960975831
3.709269960975831
3.709269960975831
3.709269960975831
3.709269960975831
3.709269960975831
3.709269960975831
3.709269960975831
3.5331787019201495
3.709269960975831
3.709269960975831
3.709269960975831
3.709269960975831
3.709269960975831
3.709269960975831
3.709269960975831
3.709269960975831
3.709269960975831
3.709269960975831
3.709269960975831
2.6880806619058926
3.709269960975831
3.709269960975831
3.709269960975831
3.709269960975831
3.709269960975831
3.709269960975831
3.709269960975831
3.709269960975831
3.709269960975831
3.709269960975831
3.709269960975831
3.709269960975831
3.709269960975831
3.709269960975831
3.709269960975831
3.709269960975831
3.709269960975831
3.709269960975831
3.709269960975831
3.709269960975831
3.056057447200487
3.709269960975831
3.709269960975831
3.709269960975831
3.709269960975831
3.709269960975831
3.056057447200487
3.709269960975831
3.5331787019201495
3.709269960975831
3.709269960975831
3.709269960975831
3.709269960975831
3.709269960975831
2.4917860167619246
2.4305163600230015
2.0371721030401133
2.5631419252975927
3.5331787019201495
3.010299956639812
3.709269960975831
3.709269960975831
3.709269960975831
3.5331787019201495
3.709269960975831
3.709269960975831
3.5331787019201495
3.709269960975831
2.896356604332975
3.709269960975831
3.709269960975831
3.5331787019201495
3.709269960975831
3.5331787019201495
2.731546355686983
3.709269960975831
3.709269960975831
3.709269960975831
3.709269960975831
3.5331787019201495
3.709269960975831
3.709269960975831
3.709269960975831
3.4082399653118496
3.709269960975831
3.709269960975831
3.709269960975831
3.709269960975831
3.709269960975831
3.5331787019201495
3.709269960975831
3.709269960975831
3.709269960975831
3.709269960975831
3.709269960975831
3.709269960975831
3.3113299523037933
3.5331787019201495
3.5331787019201495
3.709269960975831
3.5331787019201495
3.5331787019201495
2.931118710592187
3.5331787019201495
3.5331787019201495
3.709269960975831
3.5331787019201495
3.709269960975831
3.709269960975831
3.709269960975831
3.709269960975831
3.5331787019201495
3.709269960975831
3.709269960975831
3.5331787019201495
3.709269960975831
3.5331787019201495
3.709269960975831
3.165201916625555
3.4082399653118496
3.5331787019201495
3.709269960975831
3.709269960975831
3.709269960975831
3.4082399653118496
3.709269960975831
3.709269960975831
3.709269960975831
3.709269960975831
3.709269960975831
3.709269960975831
3.709269960975831
3.709269960975831
3.709269960975831
3.3113299523037933
3.2321487062561682
3.709269960975831
3.709269960975831
3.709269960975831
3.709269960975831
3.5331787019201495
3.709269960975831
3.709269960975831
3.709269960975831
3.5331787019201495
3.709269960975831
3.709269960975831
3.709269960975831
2.896356604332975
3.709269960975831
3.709269960975831
3.709269960975831
3.709269960975831
3.709269960975831
3.709269960975831
3.709269960975831
3.709269960975831
3.709269960975831
3.709269960975831
3.709269960975831
3.709269960975831
3.709269960975831
3.5331787019201495
3.709269960975831
3.709269960975831
3.709269960975831
3.709269960975831
3.5331787019201495
3.709269960975831
3.709269960975831
3.709269960975831
3.709269960975831
3.709269960975831
3.709269960975831
3.165201916625555
3.5331787019201495
3.4082399653118496
3.3113299523037933
3.709269960975831
3.5331787019201495
3.5331787019201495
3.5331787019201495
3.5331787019201495
3.5331787019201495
3.709269960975831
3.4082399653118496
3.709269960975831
3.2321487062561682
3.709269960975831
3.5331787019201495
3.709269960975831
3.709269960975831
3.709269960975831
3.5331787019201495
3.709269960975831
3.709269960975831
3.709269960975831
3.709269960975831
3.5331787019201495
3.4082399653118496
3.709269960975831
2.968907271481587
3.709269960975831
3.709269960975831
3.709269960975831
3.709269960975831
2.806179973983887
3.5331787019201495
3.709269960975831
3.5331787019201495
3.709269960975831
3.709269960975831
3.709269960975831
3.5331787019201495
2.931118710592187
3.709269960975831
3.709269960975831
3.056057447200487
3.709269960975831
2.779851035261538
3.709269960975831
3.010299956639812
3.056057447200487
3.056057447200487
3.2321487062561682
3.5331787019201495
3.709269960975831
3.2321487062561682
3.4082399653118496
3.709269960975831
3.709269960975831
3.5331787019201495
2.4305163600230015
3.709269960975831
3.709269960975831
3.709269960975831
3.709269960975831
3.5331787019201495
3.709269960975831
3.3113299523037933
3.709269960975831
3.709269960975831
3.709269960975831
3.709269960975831
3.709269960975831
3.709269960975831
3.709269960975831
2.896356604332975
3.709269960975831
3.709269960975831
3.4082399653118496
3.709269960975831
2.4788210395975567
3.165201916625555
3.709269960975831
3.709269960975831
3.5331787019201495
3.5331787019201495
3.709269960975831
3.3113299523037933
3.709269960975831
3.709269960975831
2.709269960975831
3.2321487062561682
3.5331787019201495
3.709269960975831
3.4082399653118496
3.709269960975831
3.709269960975831
2.864171920961574
3.2321487062561682
3.4082399653118496
3.709269960975831
3.4082399653118496
3.5331787019201495
3.4082399653118496
3.709269960975831
3.709269960975831
3.709269960975831
3.709269960975831
3.709269960975831
3.709269960975831
3.709269960975831
3.709269960975831
3.709269960975831
3.3113299523037933
3.4082399653118496
3.709269960975831
1.931118710592187
3.5331787019201495
3.5331787019201495
2.931118710592187
3.709269960975831
3.709269960975831
3.709269960975831
3.4082399653118496
2.6880806619058926
3.709269960975831
3.709269960975831
3.709269960975831
3.4082399653118496
3.709269960975831
2.755027451536506
3.709269960975831
3.709269960975831
3.709269960975831
3.5331787019201495
3.3113299523037933
3.4082399653118496
3.010299956639812
3.1072099696478683
3.709269960975831
3.709269960975831
3.709269960975831
2.6880806619058926
3.709269960975831
3.3113299523037933
3.709269960975831
2.630088714928206
3.5331787019201495
3.5331787019201495
3.709269960975831
3.709269960975831
3.4082399653118496
3.3113299523037933
3.2321487062561682
3.709269960975831
3.3113299523037933
3.5331787019201495
3.709269960975831
3.5331787019201495
3.165201916625555
3.5331787019201495
3.709269960975831
1.4917860167619246
3.709269960975831
3.709269960975831
3.709269960975831
3.709269960975831
2.5789361924808247
3.709269960975831
3.709269960975831
3.709269960975831
3.709269960975831
3.4082399653118496
3.709269960975831
3.709269960975831
3.709269960975831
3.709269960975831
3.709269960975831
3.709269960975831
2.648572120622219
3.709269960975831
3.709269960975831
3.3113299523037933
3.4082399653118496
3.3113299523037933
3.3113299523037933
3.709269960975831
2.453997455872525
3.5331787019201495
3.709269960975831
3.3113299523037933
3.709269960975831
3.709269960975831
3.5331787019201495
3.709269960975831
3.709269960975831
3.709269960975831
3.709269960975831
3.709269960975831
3.709269960975831
3.4082399653118496
3.5331787019201495
3.709269960975831
3.709269960975831
3.5331787019201495
3.709269960975831
3.3113299523037933
3.5331787019201495
3.3113299523037933
3.709269960975831
2.968907271481587
3.709269960975831
3.709269960975831
3.709269960975831
3.709269960975831
3.709269960975831
3.5331787019201495
3.709269960975831
3.709269960975831
3.709269960975831
3.4082399653118496
3.165201916625555
3.709269960975831
3.709269960975831
3.3113299523037933
3.5331787019201495
3.4082399653118496
3.3113299523037933
3.2321487062561682
3.709269960975831
3.709269960975831
3.709269960975831
3.709269960975831
3.709269960975831
3.2321487062561682
3.709269960975831
3.709269960975831
3.709269960975831
3.709269960975831
3.5331787019201495
3.709269960975831
3.5331787019201495
3.5331787019201495
3.5331787019201495
3.709269960975831
3.709269960975831
3.709269960975831
3.709269960975831
3.5331787019201495
3.5331787019201495
3.3113299523037933
3.709269960975831
3.1072099696478683
3.5331787019201495
3.5331787019201495
3.709269960975831
3.709269960975831
3.709269960975831
3.709269960975831
3.709269960975831
3.709269960975831
3.5331787019201495
3.3113299523037933
3.1072099696478683
3.709269960975831
3.5331787019201495
3.5331787019201495
3.709269960975831
3.709269960975831
3.709269960975831
3.709269960975831
3.709269960975831
3.709269960975831
2.864171920961574
2.931118710592187
3.709269960975831
3.709269960975831
3.5331787019201495
3.5331787019201495
3.709269960975831
3.709269960975831
3.709269960975831
3.709269960975831
1.861080843984432
3.709269960975831
3.709269960975831
3.709269960975831
3.709269960975831
3.3113299523037933
2.968907271481587
3.3113299523037933
3.4082399653118496
3.709269960975831
3.709269960975831
3.3113299523037933
3.5331787019201495
3.5331787019201495
3.3113299523037933
3.709269960975831
2.806179973983887
3.709269960975831
3.709269960975831
3.709269960975831
3.709269960975831
3.709269960975831
3.709269960975831
3.4082399653118496
3.709269960975831
3.709269960975831
3.5331787019201495
3.709269960975831
3.709269960975831
3.5331787019201495
3.709269960975831
3.5331787019201495
3.709269960975831
3.709269960975831
3.709269960975831
3.5331787019201495
3.709269960975831
3.709269960975831
2.864171920961574
3.2321487062561682
3.2321487062561682
3.709269960975831
3.709269960975831
3.709269960975831
3.709269960975831
3.5331787019201495
3.165201916625555
3.5331787019201495
3.709269960975831
3.5331787019201495
3.709269960975831
3.4082399653118496
3.709269960975831
3.4082399653118496
3.709269960975831
3.5331787019201495
3.5331787019201495
3.709269960975831
3.3113299523037933
3.709269960975831
2.731546355686983
3.5331787019201495
3.709269960975831
3.709269960975831
3.5331787019201495
3.3113299523037933
3.2321487062561682
3.4082399653118496
3.4082399653118496
3.709269960975831
3.4082399653118496
2.864171920961574
3.709269960975831
3.5331787019201495
3.709269960975831
3.709269960975831
3.5331787019201495
3.5331787019201495
3.709269960975831
3.709269960975831
3.5331787019201495
3.5331787019201495
3.056057447200487
3.709269960975831
3.709269960975831
3.709269960975831
3.709269960975831
3.709269960975831
3.709269960975831
3.709269960975831
3.4082399653118496
3.709269960975831
3.709269960975831
3.709269960975831
3.709269960975831
3.5331787019201495
3.709269960975831
3.1072099696478683
3.709269960975831
3.709269960975831
3.4082399653118496
3.4082399653118496
3.5331787019201495
2.896356604332975
2.755027451536506
3.165201916625555
3.709269960975831
3.709269960975831
3.709269960975831
3.709269960975831
3.5331787019201495
3.4082399653118496
3.709269960975831
3.709269960975831
3.4082399653118496
3.4082399653118496
3.709269960975831
3.709269960975831
3.709269960975831
3.709269960975831
3.709269960975831
3.709269960975831
3.709269960975831
3.709269960975831
3.5331787019201495
3.5331787019201495
3.709269960975831
3.3113299523037933
3.709269960975831
3.2321487062561682
3.2321487062561682
3.2321487062561682
3.709269960975831
3.709269960975831
3.709269960975831
2.931118710592187
3.709269960975831
2.5953266086689943
3.709269960975831
3.709269960975831
3.709269960975831
3.709269960975831
3.709269960975831
3.709269960975831
3.709269960975831
3.709269960975831
2.667877275817606
3.709269960975831
3.709269960975831
2.731546355686983
3.709269960975831
3.709269960975831
3.3113299523037933
3.709269960975831
3.709269960975831
3.5331787019201495
3.709269960975831
3.709269960975831
2.779851035261538
3.165201916625555
2.896356604332975
3.709269960975831
2.397516099920076
2.1973865999969564
3.709269960975831
3.709269960975831
3.709269960975831
3.2321487062561682
3.709269960975831
3.709269960975831
3.709269960975831
3.709269960975831
3.709269960975831
3.709269960975831
3.5331787019201495
3.2321487062561682
2.968907271481587
2.648572120622219
3.709269960975831
3.709269960975831
2.6880806619058926
3.3113299523037933
3.1072099696478683
3.5331787019201495
2.968907271481587
3.5331787019201495
3.5331787019201495
3.709269960975831
3.709269960975831
3.709269960975831
3.4082399653118496
3.709269960975831
3.056057447200487
3.709269960975831
3.5331787019201495
3.5331787019201495
3.709269960975831
3.5331787019201495
3.2321487062561682
3.5331787019201495
3.709269960975831
3.5331787019201495
2.3382020987040946
3.709269960975831
3.709269960975831
3.5331787019201495
3.709269960975831
3.709269960975831
3.709269960975831
3.5331787019201495
3.709269960975831
3.709269960975831
3.709269960975831
3.3113299523037933
3.709269960975831
3.5331787019201495
3.709269960975831
2.931118710592187
3.709269960975831
3.709269960975831
3.709269960975831
2.864171920961574
3.709269960975831
3.709269960975831
3.3113299523037933
3.2321487062561682
3.4082399653118496
3.709269960975831
3.709269960975831
3.709269960975831
3.709269960975831
3.4082399653118496
3.709269960975831
3.2321487062561682
3.709269960975831
3.709269960975831
3.709269960975831
3.165201916625555
3.5331787019201495
3.5331787019201495
3.709269960975831
3.709269960975831
2.806179973983887
3.709269960975831
3.1072099696478683
3.709269960975831
3.3113299523037933
3.010299956639812
3.5331787019201495
3.709269960975831
3.709269960975831
3.709269960975831
3.5331787019201495
3.709269960975831
3.709269960975831
3.709269960975831
3.709269960975831
2.931118710592187
3.709269960975831
3.709269960975831
3.5331787019201495
3.709269960975831
3.709269960975831
3.5331787019201495
3.709269960975831
3.709269960975831
3.709269960975831
3.4082399653118496
2.896356604332975
3.709269960975831
3.2321487062561682
3.709269960975831
3.709269960975831
3.709269960975831
2.755027451536506
3.709269960975831
3.4082399653118496
3.2321487062561682
3.709269960975831
3.5331787019201495
3.709269960975831
3.4082399653118496
3.709269960975831
3.5331787019201495
3.709269960975831
3.5331787019201495
3.2321487062561682
3.4082399653118496
3.165201916625555
3.709269960975831
3.5331787019201495
3.2321487062561682
3.5331787019201495
3.709269960975831
2.630088714928206
3.4082399653118496
3.5331787019201495
3.709269960975831
3.5331787019201495
2.547901958740856
3.4082399653118496
2.779851035261538
3.709269960975831
3.709269960975831
3.3113299523037933
3.709269960975831
3.010299956639812
2.4305163600230015
3.056057447200487
3.5331787019201495
3.709269960975831
3.5331787019201495
2.864171920961574
3.709269960975831
3.709269960975831
3.165201916625555
3.709269960975831
3.4082399653118496
3.5331787019201495
3.5331787019201495
3.709269960975831
3.709269960975831
3.165201916625555
3.709269960975831
3.5331787019201495
2.5953266086689943
3.2321487062561682
3.5331787019201495
3.165201916625555
3.4082399653118496
3.5331787019201495
3.709269960975831
3.709269960975831
3.709269960975831
3.709269960975831
3.709269960975831
3.709269960975831
3.4082399653118496
2.779851035261538
3.709269960975831
3.4082399653118496
3.5331787019201495
3.709269960975831
3.709269960975831
3.709269960975831
3.709269960975831
3.709269960975831
3.709269960975831
3.3113299523037933
3.010299956639812
3.709269960975831
3.709269960975831
3.3113299523037933
2.931118710592187
3.709269960975831
3.1072099696478683
3.709269960975831
3.709269960975831
3.3113299523037933
3.5331787019201495
3.5331787019201495
2.896356604332975
3.709269960975831
3.709269960975831
3.3113299523037933
3.5331787019201495
3.709269960975831
3.5331787019201495
3.709269960975831
3.709269960975831
3.3113299523037933
3.709269960975831
3.709269960975831
3.709269960975831
3.709269960975831
3.709269960975831
3.4082399653118496
3.709269960975831
3.709269960975831
3.1072099696478683
3.2321487062561682
3.709269960975831
3.709269960975831
3.5331787019201495
3.3113299523037933
3.709269960975831
3.709269960975831
3.709269960975831
3.709269960975831
3.5331787019201495
3.5331787019201495
3.709269960975831
3.709269960975831
3.5331787019201495
3.709269960975831
3.709269960975831
3.5331787019201495
3.709269960975831
3.709269960975831
3.709269960975831
3.709269960975831
3.5331787019201495
3.010299956639812
3.709269960975831
3.2321487062561682
3.4082399653118496
3.709269960975831
3.5331787019201495
3.709269960975831
3.709269960975831
3.709269960975831
3.4082399653118496
3.4082399653118496
3.709269960975831
3.709269960975831
3.5331787019201495
3.709269960975831
3.5331787019201495
3.709269960975831
3.5331787019201495
2.5789361924808247
3.709269960975831
3.709269960975831
3.709269960975831
2.779851035261538
3.1072099696478683
3.5331787019201495
3.709269960975831
3.709269960975831
3.709269960975831
3.2321487062561682
3.709269960975831
3.709269960975831
3.165201916625555
3.5331787019201495
3.709269960975831
3.2321487062561682
3.4082399653118496
3.709269960975831
3.709269960975831
3.5331787019201495
3.4082399653118496
3.709269960975831
3.5331787019201495
3.709269960975831
2.896356604332975
2.630088714928206
3.5331787019201495
3.2321487062561682
3.5331787019201495
3.5331787019201495
3.010299956639812
3.3113299523037933
2.8342086975841307
3.4082399653118496
3.5331787019201495
3.709269960975831
3.5331787019201495
3.5331787019201495
3.3113299523037933
3.5331787019201495
3.010299956639812
3.5331787019201495
3.709269960975831
3.3113299523037933
3.709269960975831
3.709269960975831
3.709269960975831
3.010299956639812
3.709269960975831
3.709269960975831
3.709269960975831
3.2321487062561682
3.2321487062561682
3.2321487062561682
3.4082399653118496
3.709269960975831
3.709269960975831
3.3113299523037933
3.4082399653118496
2.3668472801536247
3.5331787019201495
3.5331787019201495
3.709269960975831
3.2321487062561682
3.709269960975831
2.667877275817606
3.709269960975831
3.709269960975831
3.709269960975831
3.709269960975831
3.709269960975831
3.709269960975831
3.709269960975831
3.2321487062561682
3.4082399653118496
3.709269960975831
3.709269960975831
3.5331787019201495
3.5331787019201495
3.010299956639812
3.709269960975831
3.709269960975831
3.5331787019201495
2.731546355686983
3.709269960975831
3.709269960975831
3.709269960975831
3.709269960975831
2.731546355686983
2.4917860167619246
3.5331787019201495
3.709269960975831
3.709269960975831
3.709269960975831
3.5331787019201495
3.3113299523037933
2.968907271481587
3.165201916625555
2.806179973983887
3.709269960975831
3.709269960975831
3.4082399653118496
3.709269960975831
3.709269960975831
3.5331787019201495
3.709269960975831
3.709269960975831
3.709269960975831
3.4082399653118496
3.5331787019201495
2.5189382628055395
3.709269960975831
3.709269960975831
3.709269960975831
3.709269960975831
3.4082399653118496
2.4662319122895364
3.709269960975831
3.709269960975831
3.4082399653118496
3.1072099696478683
3.4082399653118496
3.709269960975831
3.5331787019201495
3.165201916625555
3.056057447200487
3.5331787019201495
3.5331787019201495
3.709269960975831
3.709269960975831
3.709269960975831
3.709269960975831
3.709269960975831
3.709269960975831
3.709269960975831
3.709269960975831
3.5331787019201495
3.709269960975831
3.4082399653118496
3.5331787019201495
3.709269960975831
3.709269960975831
3.709269960975831
3.709269960975831
3.709269960975831
3.4082399653118496
3.4082399653118496
3.709269960975831
3.4082399653118496
3.4082399653118496
3.5331787019201495
3.4082399653118496
3.709269960975831
3.709269960975831
3.709269960975831
3.709269960975831
3.709269960975831
3.5331787019201495
3.5331787019201495
3.709269960975831
3.5331787019201495
3.5331787019201495
3.709269960975831
3.709269960975831
3.709269960975831
3.3113299523037933
3.709269960975831
2.931118710592187
3.709269960975831
2.806179973983887
3.5331787019201495
3.709269960975831
3.4082399653118496
3.709269960975831
3.709269960975831
3.709269960975831
3.5331787019201495
3.709269960975831
3.709269960975831
3.709269960975831
3.010299956639812
3.5331787019201495
3.709269960975831
3.5331787019201495
2.806179973983887
2.806179973983887
3.3113299523037933
3.709269960975831
3.709269960975831
3.5331787019201495
3.709269960975831
3.5331787019201495
3.709269960975831
3.5331787019201495
3.709269960975831
3.709269960975831
3.709269960975831
3.709269960975831
3.709269960975831
2.294296613005013
3.709269960975831
2.2109594071862304
3.4082399653118496
3.5331787019201495
3.3113299523037933
3.3113299523037933
3.709269960975831
3.056057447200487
3.709269960975831
3.3113299523037933
2.442098232572817
3.709269960975831
3.709269960975831
3.709269960975831
3.2321487062561682
3.709269960975831
3.056057447200487
3.709269960975831
3.2321487062561682
3.709269960975831
3.709269960975831
3.709269960975831
2.648572120622219
3.709269960975831
3.5331787019201495
3.5331787019201495
3.709269960975831
3.2321487062561682
3.709269960975831
3.2321487062561682
3.709269960975831
3.709269960975831
3.709269960975831
3.056057447200487
3.5331787019201495
3.709269960975831
3.5331787019201495
3.3113299523037933
2.896356604332975
3.709269960975831
3.3113299523037933
3.4082399653118496
3.709269960975831
3.5331787019201495
3.5331787019201495
2.931118710592187
3.709269960975831
3.709269960975831
3.709269960975831
3.709269960975831
3.709269960975831
3.709269960975831
3.709269960975831
3.3113299523037933
2.269937267145568
3.2321487062561682
2.931118710592187
3.709269960975831
3.5331787019201495
3.5331787019201495
3.5331787019201495
3.5331787019201495
3.709269960975831
3.5331787019201495
3.709269960975831
3.709269960975831
3.709269960975831
3.5331787019201495
3.709269960975831
3.709269960975831
3.5331787019201495
3.5331787019201495
3.709269960975831
3.4082399653118496
3.709269960975831
3.2321487062561682
3.709269960975831
3.4082399653118496
3.709269960975831
3.709269960975831
3.5331787019201495
3.3113299523037933
3.4082399653118496
3.4082399653118496
3.4082399653118496
3.709269960975831
3.709269960975831
3.5331787019201495
3.709269960975831
3.709269960975831
3.165201916625555
3.709269960975831
3.709269960975831
3.3113299523037933
3.4082399653118496
3.709269960975831
3.709269960975831
3.709269960975831
3.709269960975831
3.709269960975831
3.709269960975831
3.709269960975831
3.709269960975831
3.709269960975831
3.709269960975831
3.709269960975831
2.779851035261538
3.5331787019201495
3.5331787019201495
3.709269960975831
2.547901958740856
3.709269960975831
3.709269960975831
3.709269960975831
3.709269960975831
3.709269960975831
3.709269960975831
3.709269960975831
3.709269960975831
2.8342086975841307
3.165201916625555
3.709269960975831
3.709269960975831
2.731546355686983
3.709269960975831
3.709269960975831
3.709269960975831
3.709269960975831
3.709269960975831
3.709269960975831
3.709269960975831
3.709269960975831
3.5331787019201495
3.3113299523037933
3.5331787019201495
3.709269960975831
3.709269960975831
3.4082399653118496
3.709269960975831
3.4082399653118496
3.709269960975831
3.5331787019201495
3.709269960975831
3.5331787019201495
2.2621119296336114
3.709269960975831
3.5331787019201495
3.709269960975831
3.709269960975831
3.709269960975831
3.709269960975831
3.709269960975831
3.709269960975831
3.5331787019201495
3.709269960975831
3.3113299523037933
3.709269960975831
3.709269960975831
3.5331787019201495
3.5331787019201495
3.5331787019201495
3.709269960975831
3.5331787019201495
3.010299956639812
3.709269960975831
3.709269960975831
3.5331787019201495
3.4082399653118496
3.709269960975831
3.010299956639812
3.709269960975831
3.709269960975831
3.709269960975831
2.709269960975831
3.4082399653118496
2.1182053539493317
3.709269960975831
3.2321487062561682
3.709269960975831
3.709269960975831
3.709269960975831
3.5331787019201495
3.709269960975831
3.709269960975831
2.864171920961574
3.165201916625555
3.709269960975831
3.3113299523037933
3.5331787019201495
3.3113299523037933
3.5331787019201495
3.709269960975831
3.709269960975831
3.5331787019201495
3.709269960975831
3.709269960975831
2.864171920961574
3.5331787019201495
3.4082399653118496
3.2321487062561682
3.709269960975831
3.709269960975831
3.3113299523037933
3.709269960975831
3.709269960975831
3.709269960975831
3.709269960975831
3.709269960975831
3.709269960975831
3.709269960975831
3.709269960975831
3.056057447200487
3.709269960975831
3.709269960975831
3.709269960975831
3.5331787019201495
3.709269960975831
3.5331787019201495
3.709269960975831
2.5631419252975927
2.8342086975841307
2.4082399653118496
3.5331787019201495
3.165201916625555
2.6880806619058926
3.3113299523037933
3.709269960975831
3.4082399653118496
3.709269960975831
3.1072099696478683
3.709269960975831
3.709269960975831
3.4082399653118496
3.4082399653118496
3.5331787019201495
3.709269960975831
3.709269960975831
3.709269960975831
3.709269960975831
3.709269960975831
3.709269960975831
3.056057447200487
3.2321487062561682
3.5331787019201495
3.709269960975831
3.165201916625555
3.709269960975831
3.4082399653118496
3.709269960975831
3.709269960975831
3.709269960975831
3.709269960975831
3.1072099696478683
3.709269960975831
3.709269960975831
3.709269960975831
3.709269960975831
3.709269960975831
3.709269960975831
3.709269960975831
3.709269960975831
3.2321487062561682
3.5331787019201495
2.4917860167619246
3.709269960975831
3.709269960975831
3.165201916625555
3.5331787019201495
3.3113299523037933
3.709269960975831
3.4082399653118496
3.709269960975831
3.709269960975831
3.709269960975831
2.5953266086689943
3.709269960975831
3.4082399653118496
3.709269960975831
3.709269960975831
3.709269960975831
3.709269960975831
3.709269960975831
2.5789361924808247
3.4082399653118496
3.709269960975831
3.709269960975831
3.709269960975831
3.709269960975831
3.709269960975831
3.709269960975831
3.4082399653118496
3.709269960975831
3.709269960975831
3.709269960975831
3.709269960975831
3.709269960975831
3.709269960975831
3.010299956639812
3.709269960975831
3.709269960975831
3.165201916625555
2.806179973983887
3.709269960975831
3.709269960975831
3.4082399653118496
3.4082399653118496
3.709269960975831
3.709269960975831
3.709269960975831
3.709269960975831
3.709269960975831
2.667877275817606
3.709269960975831
3.709269960975831
3.709269960975831
2.4305163600230015
3.709269960975831
3.5331787019201495
3.2321487062561682
3.709269960975831
3.709269960975831
3.5331787019201495
3.709269960975831
3.709269960975831
3.709269960975831
3.709269960975831
3.709269960975831
2.5789361924808247
3.709269960975831
3.4082399653118496
3.5331787019201495
2.968907271481587
3.709269960975831
2.5789361924808247
3.709269960975831
3.709269960975831
3.4082399653118496
3.709269960975831
3.709269960975831
3.709269960975831
3.709269960975831
3.5331787019201495
3.3113299523037933
3.4082399653118496
3.709269960975831
3.4082399653118496
3.4082399653118496
3.709269960975831
3.4082399653118496
3.709269960975831
3.709269960975831
3.709269960975831
3.709269960975831
3.709269960975831
3.709269960975831
3.709269960975831
3.5331787019201495
3.709269960975831
3.709269960975831
3.709269960975831
3.709269960975831
2.5789361924808247
3.709269960975831
3.709269960975831
3.709269960975831
3.5331787019201495
3.709269960975831
3.709269960975831
3.709269960975831
3.709269960975831
3.709269960975831
3.709269960975831
3.709269960975831
2.779851035261538
3.4082399653118496
3.709269960975831
3.709269960975831
3.709269960975831
3.4082399653118496
3.709269960975831
3.709269960975831
3.709269960975831
3.709269960975831
3.5331787019201495
3.709269960975831
3.4082399653118496
3.5331787019201495
3.4082399653118496
2.931118710592187
3.709269960975831
3.709269960975831
3.709269960975831
3.709269960975831
3.709269960975831
3.709269960975831
3.709269960975831
3.1072099696478683
3.3113299523037933
3.709269960975831
3.709269960975831
3.165201916625555
3.165201916625555
3.709269960975831
3.709269960975831
3.5331787019201495
3.5331787019201495
3.165201916625555
3.3113299523037933
3.709269960975831
3.709269960975831
3.709269960975831
3.709269960975831
3.709269960975831
3.010299956639812
3.709269960975831
3.5331787019201495
3.5331787019201495
3.709269960975831
3.709269960975831
3.709269960975831
3.709269960975831
3.709269960975831
3.709269960975831
3.5331787019201495
2.5953266086689943
3.165201916625555
3.5331787019201495
3.5331787019201495
3.709269960975831
3.709269960975831
3.709269960975831
3.165201916625555
3.709269960975831
3.709269960975831
3.709269960975831
3.4082399653118496
3.709269960975831
3.709269960975831
3.709269960975831
3.3113299523037933
2.239447944997668
3.3113299523037933
3.4082399653118496
3.5331787019201495
3.709269960975831
3.709269960975831
3.709269960975831
2.806179973983887
3.709269960975831
3.709269960975831
3.5331787019201495
3.056057447200487
3.709269960975831
3.2321487062561682
3.4082399653118496
3.709269960975831
2.896356604332975
2.806179973983887
3.709269960975831
3.4082399653118496
3.709269960975831
2.864171920961574
3.3113299523037933
3.5331787019201495
3.5331787019201495
3.709269960975831
2.3870506662419118
3.709269960975831
3.709269960975831
3.709269960975831
3.709269960975831
3.5331787019201495
3.709269960975831
3.709269960975831
3.709269960975831
3.709269960975831
2.5631419252975927
3.709269960975831
3.709269960975831
3.709269960975831
3.709269960975831
3.2321487062561682
3.4082399653118496
2.8342086975841307
3.709269960975831
3.5331787019201495
3.3113299523037933
3.709269960975831
3.1072099696478683
3.5331787019201495
3.709269960975831
3.709269960975831
2.5051499783199063
3.5331787019201495
3.3113299523037933
3.2321487062561682
2.453997455872525
3.4082399653118496
3.2321487062561682
3.709269960975831
3.010299956639812
3.2321487062561682
3.5331787019201495
3.3113299523037933
3.1072099696478683
3.5331787019201495
3.709269960975831
3.709269960975831
3.5331787019201495
3.709269960975831
3.5331787019201495
3.709269960975831
3.3113299523037933
3.709269960975831
1.4750058365970413
3.709269960975831
1.8171753582853505
3.709269960975831
3.709269960975831
3.709269960975831
3.709269960975831
3.709269960975831
3.709269960975831
3.709269960975831
3.709269960975831
3.5331787019201495
3.4082399653118496
3.5331787019201495
3.709269960975831
3.709269960975831
3.709269960975831
3.709269960975831
3.010299956639812
3.056057447200487
3.709269960975831
3.709269960975831
2.968907271481587
3.3113299523037933
3.709269960975831
3.709269960975831
3.709269960975831
3.165201916625555
3.709269960975831
3.709269960975831
3.5331787019201495
3.709269960975831
3.709269960975831
3.709269960975831
3.4082399653118496
3.709269960975831
3.709269960975831
3.709269960975831
3.709269960975831
3.709269960975831
3.709269960975831
3.709269960975831
3.709269960975831
3.709269960975831
3.709269960975831
3.709269960975831
3.165201916625555
3.709269960975831
3.2321487062561682
3.5331787019201495
3.709269960975831
3.709269960975831
3.709269960975831
3.5331787019201495
3.709269960975831
3.709269960975831
3.709269960975831
3.165201916625555
2.1529674602085436
3.709269960975831
3.709269960975831
3.3113299523037933
3.5331787019201495
3.5331787019201495
3.709269960975831
3.709269960975831
3.709269960975831
3.4082399653118496
3.709269960975831
3.709269960975831
3.709269960975831
3.709269960975831
3.056057447200487
3.165201916625555
3.5331787019201495
3.709269960975831
3.709269960975831
3.709269960975831
3.709269960975831
3.3113299523037933
3.709269960975831
3.4082399653118496
3.709269960975831
3.709269960975831
3.709269960975831
3.709269960975831
3.709269960975831
3.709269960975831
3.709269960975831
3.709269960975831
3.709269960975831
3.709269960975831
3.3113299523037933
2.968907271481587
3.709269960975831
3.709269960975831
3.709269960975831
3.4082399653118496
3.2321487062561682
3.709269960975831
3.709269960975831
3.709269960975831
3.709269960975831
3.3113299523037933
3.5331787019201495
3.709269960975831
3.709269960975831
3.4082399653118496
3.709269960975831
3.709269960975831
2.931118710592187
3.709269960975831
3.709269960975831
2.709269960975831
3.709269960975831
3.709269960975831
3.709269960975831
3.709269960975831
3.709269960975831
3.709269960975831
3.709269960975831
3.709269960975831
3.165201916625555
3.709269960975831
3.5331787019201495
3.5331787019201495
3.165201916625555
3.709269960975831
3.4082399653118496
2.648572120622219
3.3113299523037933
2.4788210395975567
3.709269960975831
3.709269960975831
3.709269960975831
3.709269960975831
3.5331787019201495
3.5331787019201495
3.709269960975831
3.709269960975831
3.5331787019201495
3.5331787019201495
2.731546355686983
3.709269960975831
2.779851035261538
3.709269960975831
3.2321487062561682
3.2321487062561682
3.5331787019201495
3.709269960975831
3.709269960975831
3.4082399653118496
3.709269960975831
3.709269960975831
2.286024087039023
3.709269960975831
3.709269960975831
3.709269960975831
3.5331787019201495
3.5331787019201495
3.5331787019201495
3.056057447200487
3.709269960975831
3.709269960975831
3.709269960975831
3.709269960975831
1.9809161789546024
3.165201916625555
3.709269960975831
3.709269960975831
3.709269960975831
2.648572120622219
2.397516099920076
2.6880806619058926
3.709269960975831
3.709269960975831
3.5331787019201495
3.165201916625555
3.1072099696478683
3.709269960975831
3.709269960975831
3.5331787019201495
3.3113299523037933
3.709269960975831
3.709269960975831
3.709269960975831
3.5331787019201495
3.709269960975831
3.709269960975831
3.709269960975831
3.5331787019201495
3.5331787019201495
3.3113299523037933
3.709269960975831
2.709269960975831
3.165201916625555
3.4082399653118496
3.4082399653118496
2.5051499783199063
3.5331787019201495
3.5331787019201495
3.709269960975831
3.5331787019201495
3.709269960975831
2.014664762042262
3.3113299523037933
3.709269960975831
3.709269960975831
3.709269960975831
3.709269960975831
3.709269960975831
3.709269960975831
3.709269960975831
2.968907271481587
3.709269960975831
3.5331787019201495
3.709269960975831
3.709269960975831
3.709269960975831
3.5331787019201495
3.2321487062561682
3.3113299523037933
3.709269960975831
3.709269960975831
3.5331787019201495
3.709269960975831
3.709269960975831
3.4082399653118496
3.709269960975831
3.709269960975831
3.709269960975831
3.709269960975831
3.709269960975831
3.5331787019201495
3.709269960975831
3.5331787019201495
3.1072099696478683
3.165201916625555
2.4662319122895364
3.709269960975831
3.5331787019201495
3.709269960975831
3.709269960975831
3.709269960975831
3.709269960975831
3.709269960975831
3.5331787019201495
3.4082399653118496
2.6880806619058926
2.931118710592187
3.709269960975831
3.709269960975831
3.709269960975831
3.709269960975831
3.709269960975831
3.709269960975831
3.709269960975831
3.709269960975831
3.709269960975831
2.864171920961574
3.709269960975831
3.709269960975831
3.5331787019201495
3.5331787019201495
3.709269960975831
3.709269960975831
3.709269960975831
3.709269960975831
3.709269960975831
3.709269960975831
3.709269960975831
2.419235349613313
3.5331787019201495
3.2321487062561682
3.5331787019201495
3.709269960975831
3.709269960975831
3.5331787019201495
3.5331787019201495
2.968907271481587
3.4082399653118496
3.3113299523037933
3.709269960975831
3.5331787019201495
3.709269960975831
3.709269960975831
3.709269960975831
3.709269960975831
3.709269960975831
3.709269960975831
3.709269960975831
3.3113299523037933
3.709269960975831
3.165201916625555
3.1072099696478683
3.5331787019201495
3.709269960975831
3.709269960975831
3.709269960975831
3.4082399653118496
3.709269960975831
3.709269960975831
3.709269960975831
2.3382020987040946
3.709269960975831
3.709269960975831
3.709269960975831
3.3113299523037933
3.709269960975831
3.2321487062561682
3.709269960975831
3.709269960975831
3.165201916625555
3.4082399653118496
3.5331787019201495
2.1469770965193558
3.709269960975831
3.709269960975831
3.709269960975831
3.709269960975831
3.709269960975831
3.4082399653118496
3.2321487062561682
2.731546355686983
3.709269960975831
3.709269960975831
3.709269960975831
3.2321487062561682
3.709269960975831
3.3113299523037933
3.4082399653118496
3.5331787019201495
3.709269960975831
3.5331787019201495
3.056057447200487
3.165201916625555
3.056057447200487
3.3113299523037933
3.4082399653118496
3.4082399653118496
3.709269960975831
3.709269960975831
3.709269960975831
3.709269960975831
3.709269960975831
3.709269960975831
3.3113299523037933
3.709269960975831
3.5331787019201495
3.709269960975831
3.709269960975831
3.709269960975831
3.709269960975831
3.709269960975831
3.709269960975831
3.709269960975831
3.5331787019201495
3.165201916625555
3.5331787019201495
3.5331787019201495
2.0964861042560954
3.5331787019201495
3.709269960975831
3.709269960975831
3.709269960975831
3.709269960975831
3.709269960975831
3.3113299523037933
3.709269960975831
3.709269960975831
3.709269960975831
3.709269960975831
3.3113299523037933
3.709269960975831
3.709269960975831
3.709269960975831
3.709269960975831
3.709269960975831
3.5331787019201495
3.709269960975831
3.709269960975831
3.709269960975831
3.5331787019201495
3.3113299523037933
3.056057447200487
3.709269960975831
2.731546355686983
3.709269960975831
3.5331787019201495
3.010299956639812
3.709269960975831
3.4082399653118496
3.709269960975831
3.709269960975831
3.709269960975831
3.4082399653118496
3.709269960975831
3.709269960975831
2.4305163600230015
3.5331787019201495
3.709269960975831
3.709269960975831
3.709269960975831
2.612359947967774
3.709269960975831
3.709269960975831
3.1072099696478683
3.709269960975831
2.3768315010602254
3.165201916625555
3.709269960975831
3.709269960975831
3.709269960975831
3.709269960975831
3.709269960975831
3.5331787019201495
3.5331787019201495
3.709269960975831
3.709269960975831
3.709269960975831
3.709269960975831
3.709269960975831
3.709269960975831
3.709269960975831
3.709269960975831
3.709269960975831
3.709269960975831
3.709269960975831
3.709269960975831
3.709269960975831
3.709269960975831
3.709269960975831
3.709269960975831
3.165201916625555
3.709269960975831
3.709269960975831
3.5331787019201495
3.709269960975831
3.709269960975831
3.709269960975831
3.5331787019201495
3.709269960975831
2.709269960975831
3.2321487062561682
3.3113299523037933
3.5331787019201495
3.056057447200487
2.968907271481587
3.709269960975831
3.709269960975831
3.165201916625555
3.709269960975831
3.3113299523037933
3.3113299523037933
3.3113299523037933
3.709269960975831
3.709269960975831
3.709269960975831
3.709269960975831
3.2321487062561682
3.709269960975831
3.709269960975831
3.709269960975831
3.3113299523037933
3.709269960975831
3.709269960975831
2.135238693248112
3.010299956639812
3.709269960975831
3.709269960975831
3.709269960975831
2.1529674602085436
3.709269960975831
3.709269960975831
3.3113299523037933
3.709269960975831
2.896356604332975
3.709269960975831
2.4788210395975567
3.709269960975831
3.709269960975831
3.709269960975831
3.709269960975831
2.5631419252975927
3.5331787019201495
3.709269960975831
3.3113299523037933
3.709269960975831
3.4082399653118496
3.4082399653118496
3.709269960975831
3.4082399653118496
3.1072099696478683
3.709269960975831
3.709269960975831
2.046512129294257
3.709269960975831
3.709269960975831
3.5331787019201495
3.709269960975831
3.3113299523037933
2.864171920961574
3.709269960975831
3.709269960975831
3.010299956639812
3.709269960975831
2.6880806619058926
2.896356604332975
3.4082399653118496
3.4082399653118496
3.5331787019201495
1.5434323362857025
3.2321487062561682
2.171450865902557
3.709269960975831
3.709269960975831
3.709269960975831
3.709269960975831
3.5331787019201495
3.5331787019201495
3.5331787019201495
3.709269960975831
3.709269960975831
3.709269960975831
3.709269960975831
3.709269960975831
1.867285156385717
2.931118710592187
3.4082399653118496
3.709269960975831
2.931118710592187
3.5331787019201495
3.709269960975831
3.709269960975831
3.709269960975831
3.709269960975831
3.165201916625555
3.709269960975831
3.4082399653118496
3.709269960975831
3.709269960975831
3.709269960975831
3.709269960975831
3.709269960975831
3.3113299523037933
2.6880806619058926
3.709269960975831
2.864171920961574
3.709269960975831
3.5331787019201495
3.4082399653118496
3.4082399653118496
3.709269960975831
3.709269960975831
3.5331787019201495
3.709269960975831
3.709269960975831
3.709269960975831
3.4082399653118496
3.709269960975831
3.709269960975831
3.5331787019201495
3.709269960975831
3.165201916625555
3.709269960975831
3.709269960975831
3.5331787019201495
3.709269960975831
3.709269960975831
3.4082399653118496
3.709269960975831
2.968907271481587
3.709269960975831
3.5331787019201495
3.4082399653118496
3.709269960975831
3.709269960975831
3.5331787019201495
3.709269960975831
3.709269960975831
3.4082399653118496
3.165201916625555
3.709269960975831
3.5331787019201495
3.1072099696478683
3.709269960975831
3.165201916625555
3.4082399653118496
3.5331787019201495
3.056057447200487
3.709269960975831
3.709269960975831
3.165201916625555
3.5331787019201495
3.709269960975831
3.709269960975831
3.709269960975831
3.709269960975831
3.3113299523037933
3.709269960975831
3.709269960975831
3.5331787019201495
3.709269960975831
3.709269960975831
3.709269960975831
3.709269960975831
3.709269960975831
3.709269960975831
3.5331787019201495
3.709269960975831
3.709269960975831
3.709269960975831
3.709269960975831
3.4082399653118496
3.709269960975831
3.709269960975831
3.709269960975831
2.667877275817606
2.731546355686983
3.4082399653118496
3.165201916625555
3.5331787019201495
3.5331787019201495
3.5331787019201495
3.165201916625555
3.5331787019201495
3.709269960975831
3.709269960975831
3.709269960975831
1.7697507083572122
3.709269960975831
3.010299956639812
3.5331787019201495
3.709269960975831
3.5331787019201495
3.4082399653118496
2.547901958740856
3.709269960975831
3.709269960975831
3.709269960975831
3.709269960975831
3.709269960975831
3.4082399653118496
3.709269960975831
3.709269960975831
2.667877275817606
3.3113299523037933
3.709269960975831
3.5331787019201495
3.709269960975831
3.709269960975831
3.709269960975831
3.4082399653118496
3.4082399653118496
3.709269960975831
3.709269960975831
3.709269960975831
3.709269960975831
3.709269960975831
3.709269960975831
3.709269960975831
3.5331787019201495
3.709269960975831
3.709269960975831
3.709269960975831
3.709269960975831
3.709269960975831
3.4082399653118496
3.709269960975831
2.731546355686983
2.8342086975841307
3.709269960975831
3.709269960975831
2.806179973983887
3.709269960975831
3.2321487062561682
3.709269960975831
3.709269960975831
3.5331787019201495
3.5331787019201495
3.709269960975831
3.3113299523037933
3.5331787019201495
3.709269960975831
3.056057447200487
2.931118710592187
3.4082399653118496
3.5331787019201495
3.709269960975831
3.5331787019201495
2.709269960975831
3.5331787019201495
3.709269960975831
3.709269960975831
3.709269960975831
3.709269960975831
3.709269960975831
3.709269960975831
3.056057447200487
3.4082399653118496
3.4082399653118496
3.3113299523037933
3.2321487062561682
3.709269960975831
3.5331787019201495
2.968907271481587
3.2321487062561682
3.709269960975831
3.5331787019201495
3.709269960975831
3.709269960975831
2.5631419252975927
3.056057447200487
3.010299956639812
3.5331787019201495
3.709269960975831
3.709269960975831
3.2321487062561682
3.709269960975831
3.709269960975831
3.709269960975831
3.709269960975831
3.709269960975831
3.5331787019201495
3.709269960975831
3.010299956639812
3.5331787019201495
3.165201916625555
3.165201916625555
3.5331787019201495
3.010299956639812
3.3113299523037933
3.5331787019201495
3.5331787019201495
3.4082399653118496
3.709269960975831
3.709269960975831
3.709269960975831
3.709269960975831
3.709269960975831
2.779851035261538
3.010299956639812
3.709269960975831
3.709269960975831
2.806179973983887
3.709269960975831
3.709269960975831
3.5331787019201495
3.709269960975831
3.3113299523037933
3.3113299523037933
3.5331787019201495
2.968907271481587
3.709269960975831
3.709269960975831
3.709269960975831
3.709269960975831
3.709269960975831
3.709269960975831
3.4082399653118496
3.5331787019201495
3.709269960975831
3.709269960975831
3.4082399653118496
3.4082399653118496
3.5331787019201495
3.709269960975831
3.4082399653118496
3.4082399653118496
3.4082399653118496
3.709269960975831
2.896356604332975
3.5331787019201495
3.709269960975831
3.165201916625555
2.8342086975841307
3.709269960975831
3.709269960975831
3.5331787019201495
3.709269960975831
2.931118710592187
3.5331787019201495
3.165201916625555
3.709269960975831
3.2321487062561682
3.010299956639812
3.709269960975831
3.709269960975831
3.709269960975831
3.709269960975831
3.709269960975831
2.5189382628055395
3.1072099696478683
3.709269960975831
3.3113299523037933
2.779851035261538
3.1072099696478683
3.709269960975831
3.709269960975831
3.709269960975831
3.4082399653118496
3.709269960975831
3.709269960975831
3.709269960975831
3.709269960975831
3.2321487062561682
3.5331787019201495
3.5331787019201495
3.709269960975831
3.709269960975831
3.709269960975831
3.709269960975831
3.709269960975831
2.5789361924808247
3.709269960975831
3.4082399653118496
3.709269960975831
2.731546355686983
3.709269960975831
2.397516099920076
3.5331787019201495
2.779851035261538
3.3113299523037933
3.709269960975831
3.709269960975831
3.709269960975831
3.056057447200487
3.709269960975831
3.709269960975831
3.5331787019201495
3.709269960975831
3.709269960975831
3.5331787019201495
3.5331787019201495
3.709269960975831
3.2321487062561682
3.056057447200487
3.5331787019201495
3.5331787019201495
3.1072099696478683
3.709269960975831
3.709269960975831
3.5331787019201495
3.709269960975831
3.709269960975831
3.709269960975831
3.709269960975831
3.709269960975831
3.010299956639812
3.5331787019201495
2.968907271481587
3.709269960975831
3.709269960975831
3.709269960975831
3.165201916625555
3.165201916625555
3.1072099696478683
3.709269960975831
3.709269960975831
3.709269960975831
3.4082399653118496
3.4082399653118496
3.709269960975831
3.709269960975831
3.709269960975831
3.709269960975831
3.709269960975831
3.709269960975831
3.709269960975831
3.709269960975831
3.2321487062561682
2.731546355686983
3.709269960975831
3.709269960975831
3.165201916625555
3.709269960975831
3.5331787019201495
3.709269960975831
2.931118710592187
3.5331787019201495
3.010299956639812
3.709269960975831
3.709269960975831
3.709269960975831
3.165201916625555
3.709269960975831
3.709269960975831
3.709269960975831
3.709269960975831
3.709269960975831
3.709269960975831
3.1072099696478683
3.4082399653118496
3.709269960975831
3.709269960975831
3.709269960975831
3.5331787019201495
3.5331787019201495
3.709269960975831
3.709269960975831
3.709269960975831
3.709269960975831
3.709269960975831
3.709269960975831
3.165201916625555
3.5331787019201495
3.709269960975831
3.3113299523037933
3.709269960975831
3.3113299523037933
3.709269960975831
3.5331787019201495
3.709269960975831
3.5331787019201495
3.709269960975831
3.709269960975831
3.709269960975831
3.5331787019201495
3.709269960975831
3.709269960975831
3.709269960975831
3.709269960975831
3.709269960975831
3.709269960975831
3.5331787019201495
3.056057447200487
3.4082399653118496
3.5331787019201495
2.4662319122895364
3.709269960975831
3.709269960975831
3.4082399653118496
3.2321487062561682
3.709269960975831
3.709269960975831
3.709269960975831
3.709269960975831
3.709269960975831
3.709269960975831
3.709269960975831
3.709269960975831
3.709269960975831
3.709269960975831
3.709269960975831
3.709269960975831
3.709269960975831
3.709269960975831
3.709269960975831
3.5331787019201495
3.5331787019201495
3.5331787019201495
3.709269960975831
3.709269960975831
3.709269960975831
3.709269960975831
2.931118710592187
3.709269960975831
3.709269960975831
3.709269960975831
3.165201916625555
3.709269960975831
2.3382020987040946
3.709269960975831
3.3113299523037933
3.709269960975831
3.5331787019201495
3.709269960975831
3.709269960975831
3.709269960975831
3.709269960975831
3.709269960975831
3.3113299523037933
3.5331787019201495
3.709269960975831
3.709269960975831
3.709269960975831
3.709269960975831
3.709269960975831
3.709269960975831
2.755027451536506
3.709269960975831
3.5331787019201495
3.4082399653118496
3.2321487062561682
3.5331787019201495
3.2321487062561682
3.2321487062561682
3.709269960975831
3.709269960975831
3.3113299523037933
3.709269960975831
3.709269960975831
3.3113299523037933
3.709269960975831
3.709269960975831
3.2321487062561682
3.4082399653118496
3.5331787019201495
3.709269960975831
3.4082399653118496
3.709269960975831
3.709269960975831
3.709269960975831
3.709269960975831
3.2321487062561682
3.5331787019201495
3.709269960975831
3.2321487062561682
3.4082399653118496
3.709269960975831
2.931118710592187
3.709269960975831
3.1072099696478683
3.709269960975831
3.2321487062561682
3.709269960975831
3.709269960975831
3.709269960975831
3.709269960975831
3.4082399653118496
3.2321487062561682
3.709269960975831
3.709269960975831
3.4082399653118496
3.4082399653118496
3.709269960975831
3.709269960975831
3.709269960975831
3.709269960975831
3.709269960975831
3.709269960975831
3.709269960975831
3.709269960975831
3.4082399653118496
3.4082399653118496
3.709269960975831
3.709269960975831
3.709269960975831
3.709269960975831
2.896356604332975
3.709269960975831
3.4082399653118496
2.896356604332975
3.3113299523037933
3.5331787019201495
2.806179973983887
3.056057447200487
2.968907271481587
3.165201916625555
3.709269960975831
3.709269960975831
3.4082399653118496
3.056057447200487
3.5331787019201495
3.2321487062561682
3.709269960975831
3.709269960975831
3.2321487062561682
3.4082399653118496
3.3113299523037933
3.709269960975831
3.4082399653118496
2.864171920961574
3.709269960975831
2.6880806619058926
2.864171920961574
3.709269960975831
2.2621119296336114
2.239447944997668
2.2109594071862304
3.709269960975831
3.709269960975831
3.2321487062561682
2.864171920961574
3.5331787019201495
3.4082399653118496
3.5331787019201495
3.5331787019201495
3.709269960975831
3.5331787019201495
3.5331787019201495
3.709269960975831
3.709269960975831
3.709269960975831
3.5331787019201495
3.709269960975831
3.5331787019201495
3.709269960975831
3.709269960975831
3.709269960975831
3.4082399653118496
3.709269960975831
2.2779061968168435
3.5331787019201495
3.5331787019201495
2.931118710592187
3.709269960975831
3.010299956639812
3.709269960975831
3.5331787019201495
3.709269960975831
1.1645819386731533
3.709269960975831
2.755027451536506
2.896356604332975
3.5331787019201495
3.709269960975831
3.709269960975831
3.5331787019201495
3.5331787019201495
3.709269960975831
3.709269960975831
3.709269960975831
2.755027451536506
3.2321487062561682
3.709269960975831
3.5331787019201495
3.709269960975831
3.709269960975831
3.709269960975831
3.709269960975831
3.709269960975831
3.709269960975831
3.709269960975831
3.709269960975831
3.709269960975831
3.2321487062561682
3.5331787019201495
3.709269960975831
3.3113299523037933
3.709269960975831
3.709269960975831
3.5331787019201495
3.709269960975831
3.709269960975831
3.709269960975831
3.5331787019201495
3.4082399653118496
3.5331787019201495
3.709269960975831
3.2321487062561682
3.709269960975831
3.709269960975831
3.5331787019201495
3.709269960975831
3.709269960975831
3.165201916625555
3.3113299523037933
3.709269960975831
2.135238693248112
3.2321487062561682
3.709269960975831
3.5331787019201495
3.5331787019201495
3.3113299523037933
3.709269960975831
3.709269960975831
3.3113299523037933
3.709269960975831
3.056057447200487
3.165201916625555
3.2321487062561682
3.056057447200487
3.709269960975831
3.709269960975831
3.3113299523037933
3.709269960975831
3.709269960975831
3.4082399653118496
3.4082399653118496
3.709269960975831
3.709269960975831
3.709269960975831
2.419235349613313
3.709269960975831
3.709269960975831
3.709269960975831
3.709269960975831
3.709269960975831
2.896356604332975
3.709269960975831
3.709269960975831
3.056057447200487
2.630088714928206
3.709269960975831
3.165201916625555
3.709269960975831
3.5331787019201495
2.896356604332975
3.1072099696478683
3.709269960975831
3.709269960975831
3.709269960975831
3.010299956639812
3.709269960975831
3.056057447200487
3.709269960975831
3.3113299523037933
3.5331787019201495
3.709269960975831
3.5331787019201495
3.709269960975831
3.709269960975831
3.1072099696478683
3.709269960975831
3.709269960975831
3.709269960975831
3.2321487062561682
3.3113299523037933
3.709269960975831
3.709269960975831
3.709269960975831
3.709269960975831
3.5331787019201495
2.896356604332975
3.709269960975831
3.3113299523037933
3.709269960975831
3.709269960975831
3.5331787019201495
3.3113299523037933
3.5331787019201495
2.547901958740856
3.5331787019201495
3.709269960975831
3.3113299523037933
3.3113299523037933
3.709269960975831
3.709269960975831
3.709269960975831
3.5331787019201495
3.5331787019201495
3.709269960975831
3.5331787019201495
3.5331787019201495
3.5331787019201495
3.709269960975831
3.709269960975831
3.3113299523037933
3.709269960975831
3.056057447200487
3.709269960975831
3.709269960975831
3.709269960975831
3.709269960975831
3.4082399653118496
3.709269960975831
3.5331787019201495
3.056057447200487
3.5331787019201495
3.709269960975831
3.709269960975831
2.896356604332975
3.709269960975831
3.709269960975831
3.5331787019201495
3.709269960975831
2.2779061968168435
3.3113299523037933
3.5331787019201495
2.968907271481587
3.5331787019201495
3.3113299523037933
3.2321487062561682
3.709269960975831
3.3113299523037933
3.709269960975831
3.709269960975831
2.5331787019201495
3.709269960975831
3.709269960975831
3.709269960975831
3.2321487062561682
3.709269960975831
3.5331787019201495
3.4082399653118496
3.709269960975831
3.4082399653118496
3.5331787019201495
3.5331787019201495
3.709269960975831
3.5331787019201495
3.709269960975831
3.709269960975831
3.709269960975831
3.709269960975831
3.709269960975831
3.4082399653118496
2.6880806619058926
3.709269960975831
3.5331787019201495
3.2321487062561682
3.709269960975831
3.709269960975831
3.5331787019201495
3.709269960975831
3.010299956639812
3.709269960975831
3.709269960975831
3.3113299523037933
3.709269960975831
3.3113299523037933
3.709269960975831
3.010299956639812
3.2321487062561682
3.3113299523037933
3.709269960975831
3.1072099696478683
3.5331787019201495
3.709269960975831
3.709269960975831
3.709269960975831
3.709269960975831
3.4082399653118496
3.4082399653118496
3.709269960975831
3.709269960975831
2.968907271481587
2.612359947967774
3.709269960975831
3.709269960975831
3.709269960975831
2.896356604332975
3.709269960975831
3.5331787019201495
3.709269960975831
3.5331787019201495
3.709269960975831
2.453997455872525
3.5331787019201495
3.709269960975831
3.709269960975831
3.5331787019201495
3.709269960975831
3.709269960975831
3.709269960975831
3.709269960975831
3.709269960975831
3.4082399653118496
3.709269960975831
3.165201916625555
3.709269960975831
3.709269960975831
3.709269960975831
3.1072099696478683
2.419235349613313
3.5331787019201495
3.709269960975831
3.5331787019201495
3.709269960975831
3.709269960975831
3.709269960975831
3.709269960975831
2.5631419252975927
3.3113299523037933
3.010299956639812
3.709269960975831
3.709269960975831
3.5331787019201495
2.864171920961574
2.239447944997668
3.709269960975831
3.709269960975831
3.709269960975831
3.4082399653118496
3.709269960975831
3.709269960975831
3.709269960975831
3.165201916625555
3.709269960975831
3.709269960975831
2.5631419252975927
3.709269960975831
3.709269960975831
2.896356604332975
3.709269960975831
3.709269960975831
3.010299956639812
3.709269960975831
3.709269960975831
3.709269960975831
3.709269960975831
3.2321487062561682
3.4082399653118496
3.3113299523037933
3.709269960975831
3.4082399653118496
3.5331787019201495
3.709269960975831
3.709269960975831
3.709269960975831
3.4082399653118496
3.709269960975831
2.806179973983887
3.5331787019201495
3.709269960975831
3.709269960975831
3.5331787019201495
3.709269960975831
3.709269960975831
2.612359947967774
3.709269960975831
2.5631419252975927
3.709269960975831
3.709269960975831
2.896356604332975
3.709269960975831
3.709269960975831
3.709269960975831
3.709269960975831
3.056057447200487
3.709269960975831
3.709269960975831
3.709269960975831
3.709269960975831
3.709269960975831
3.709269960975831
3.4082399653118496
3.709269960975831
3.709269960975831
3.709269960975831
3.4082399653118496
3.5331787019201495
3.165201916625555
3.709269960975831
2.5789361924808247
3.709269960975831
3.709269960975831
3.2321487062561682
3.709269960975831
3.5331787019201495
2.5789361924808247
3.709269960975831
3.709269960975831
2.806179973983887
3.709269960975831
3.5331787019201495
3.056057447200487
3.5331787019201495
3.4082399653118496
3.709269960975831
3.5331787019201495
3.709269960975831
3.709269960975831
3.709269960975831
3.4082399653118496
3.709269960975831
3.709269960975831
3.056057447200487
2.755027451536506
3.709269960975831
3.709269960975831
3.709269960975831
3.709269960975831
3.1072099696478683
3.709269960975831
3.709269960975831
3.4082399653118496
3.165201916625555
3.5331787019201495
3.165201916625555
3.5331787019201495
3.709269960975831
3.165201916625555
3.709269960975831
3.010299956639812
3.165201916625555
3.709269960975831
3.709269960975831
3.709269960975831
3.709269960975831
3.709269960975831
3.5331787019201495
3.709269960975831
3.4082399653118496
3.5331787019201495
3.709269960975831
3.709269960975831
3.709269960975831
2.779851035261538
1.7431282282367981
3.709269960975831
2.1126728653493707
3.4082399653118496
3.709269960975831
3.1072099696478683
3.709269960975831
3.709269960975831
3.709269960975831
3.709269960975831
3.709269960975831
3.709269960975831
3.709269960975831
3.709269960975831
3.709269960975831
3.709269960975831
3.709269960975831
3.4082399653118496
2.630088714928206
3.2321487062561682
3.4082399653118496
3.709269960975831
3.709269960975831
3.709269960975831
3.709269960975831
3.709269960975831
2.547901958740856
2.968907271481587
3.709269960975831
3.709269960975831
3.709269960975831
3.709269960975831
3.709269960975831
3.4082399653118496
3.709269960975831
3.709269960975831
2.709269960975831
3.709269960975831
3.010299956639812
3.5331787019201495
3.709269960975831
3.1072099696478683
3.3113299523037933
2.667877275817606
2.968907271481587
3.4082399653118496
3.165201916625555
3.056057447200487
3.1072099696478683
3.5331787019201495
3.4082399653118496
3.709269960975831
3.5331787019201495
3.5331787019201495
2.135238693248112
3.709269960975831
3.709269960975831
3.709269960975831
3.3113299523037933
3.709269960975831
3.5331787019201495
3.709269960975831
3.709269960975831
3.709269960975831
3.1072099696478683
3.3113299523037933
2.8342086975841307
3.709269960975831
3.5331787019201495
3.709269960975831
3.3113299523037933
3.709269960975831
2.864171920961574
3.5331787019201495
3.165201916625555
3.709269960975831
3.709269960975831
3.709269960975831
3.709269960975831
3.709269960975831
3.709269960975831
3.709269960975831
3.709269960975831
3.5331787019201495
3.709269960975831
3.709269960975831
3.1072099696478683
3.709269960975831
3.5331787019201495
2.547901958740856
3.709269960975831
3.5331787019201495
3.709269960975831
3.709269960975831
3.056057447200487
3.5331787019201495
3.5331787019201495
3.5331787019201495
3.709269960975831
3.709269960975831
2.4788210395975567
3.709269960975831
3.709269960975831
3.709269960975831
3.709269960975831
3.4082399653118496
3.709269960975831
3.709269960975831
3.1072099696478683
3.709269960975831
3.709269960975831
3.709269960975831
3.709269960975831
3.709269960975831
3.709269960975831
3.709269960975831
3.5331787019201495
3.709269960975831
3.709269960975831
3.709269960975831
3.709269960975831
3.709269960975831
3.5331787019201495
3.5331787019201495
3.709269960975831
2.547901958740856
3.4082399653118496
3.709269960975831
3.709269960975831
3.709269960975831
3.165201916625555
3.709269960975831
3.709269960975831
3.709269960975831
3.709269960975831
3.709269960975831
3.709269960975831
3.709269960975831
3.709269960975831
3.709269960975831
3.709269960975831
3.709269960975831
3.709269960975831
3.709269960975831
3.709269960975831
3.709269960975831
3.709269960975831
3.709269960975831
3.709269960975831
3.709269960975831
3.709269960975831
3.709269960975831
3.709269960975831
3.709269960975831
3.709269960975831
3.709269960975831
3.5331787019201495
3.5331787019201495
3.709269960975831
3.165201916625555
3.709269960975831
3.709269960975831
3.5331787019201495
3.5331787019201495
3.709269960975831
3.709269960975831
3.709269960975831
2.269937267145568
3.709269960975831
3.709269960975831
3.709269960975831
3.709269960975831
3.709269960975831
3.709269960975831
2.397516099920076
3.5331787019201495
3.709269960975831
3.709269960975831
3.5331787019201495
3.709269960975831
3.709269960975831
3.5331787019201495
3.709269960975831
3.709269960975831
3.709269960975831
3.709269960975831
3.709269960975831
3.709269960975831
3.709269960975831
3.709269960975831
3.709269960975831
3.5331787019201495
3.709269960975831
3.5331787019201495
3.709269960975831
2.630088714928206
3.2321487062561682
3.2321487062561682
3.709269960975831
3.709269960975831
3.709269960975831
3.709269960975831
3.709269960975831
3.709269960975831
2.4788210395975567
3.709269960975831
3.709269960975831
3.709269960975831
3.709269960975831
3.5331787019201495
3.709269960975831
3.709269960975831
3.709269960975831
3.709269960975831
3.709269960975831
3.4082399653118496
3.709269960975831
3.4082399653118496
3.3113299523037933
3.709269960975831
3.3113299523037933
3.4082399653118496
3.709269960975831
3.709269960975831
3.709269960975831
3.709269960975831
3.709269960975831
3.709269960975831
3.5331787019201495
3.5331787019201495
3.5331787019201495
3.2321487062561682
3.4082399653118496
3.709269960975831
2.648572120622219
3.709269960975831
3.709269960975831
3.5331787019201495
3.5331787019201495
1.9496021162862003
3.709269960975831
2.864171920961574
3.709269960975831
3.709269960975831
3.1072099696478683
3.709269960975831
3.709269960975831
3.709269960975831
3.709269960975831
3.709269960975831
3.709269960975831
3.709269960975831
3.4082399653118496
3.709269960975831
3.5331787019201495
3.709269960975831
3.709269960975831
2.041817008085877
3.4082399653118496
3.5331787019201495
3.709269960975831
3.709269960975831
3.709269960975831
3.709269960975831
3.5331787019201495
3.709269960975831
2.896356604332975
3.5331787019201495
3.5331787019201495
3.056057447200487
3.709269960975831
3.5331787019201495
3.709269960975831
3.709269960975831
3.709269960975831
2.968907271481587
3.4082399653118496
3.709269960975831
2.931118710592187
3.4082399653118496
3.709269960975831
3.709269960975831
3.709269960975831
3.709269960975831
3.4082399653118496
3.4082399653118496
3.709269960975831
3.709269960975831
3.709269960975831
3.709269960975831
3.4082399653118496
3.010299956639812
3.709269960975831
3.5331787019201495
3.709269960975831
3.709269960975831
2.329058719264225
3.709269960975831
3.165201916625555
3.3113299523037933
3.709269960975831
3.709269960975831
3.709269960975831
3.3113299523037933
3.5331787019201495
3.3113299523037933
3.709269960975831
3.5331787019201495
3.4082399653118496
3.4082399653118496
3.709269960975831
3.709269960975831
3.709269960975831
3.709269960975831
3.010299956639812
3.709269960975831
3.709269960975831
3.709269960975831
3.709269960975831
3.5331787019201495
3.709269960975831
3.709269960975831
3.5331787019201495
3.709269960975831
3.709269960975831
3.709269960975831
3.709269960975831
3.709269960975831
3.709269960975831
3.010299956639812
3.5331787019201495
3.709269960975831
3.709269960975831
2.302729780541876
3.709269960975831
3.709269960975831
3.709269960975831
3.709269960975831
2.2321487062561682
3.5331787019201495
3.709269960975831
3.709269960975831
3.4082399653118496
3.709269960975831
3.709269960975831
3.709269960975831
3.709269960975831
3.709269960975831
3.709269960975831
3.709269960975831
3.5331787019201495
3.709269960975831
3.709269960975831
3.709269960975831
3.709269960975831
3.010299956639812
3.1072099696478683
3.4082399653118496
3.4082399653118496
3.5331787019201495
3.709269960975831
3.709269960975831
3.709269960975831
3.709269960975831
3.709269960975831
3.5331787019201495
3.709269960975831
3.709269960975831
3.3113299523037933
3.709269960975831
3.4082399653118496
3.709269960975831
3.5331787019201495
3.709269960975831
3.5331787019201495
3.709269960975831
3.709269960975831
3.709269960975831
3.709269960975831
3.709269960975831
3.5331787019201495
3.709269960975831
3.709269960975831
3.709269960975831
3.709269960975831
3.709269960975831
3.709269960975831
3.2321487062561682
3.5331787019201495
3.709269960975831
3.165201916625555
3.4082399653118496
3.709269960975831
3.709269960975831
3.709269960975831
3.709269960975831
3.709269960975831
3.709269960975831
2.896356604332975
2.968907271481587
3.709269960975831
3.5331787019201495
3.1072099696478683
3.709269960975831
3.709269960975831
3.709269960975831
3.709269960975831
3.4082399653118496
3.165201916625555
3.709269960975831
3.709269960975831
3.709269960975831
3.709269960975831
3.2321487062561682
3.709269960975831
3.709269960975831
3.709269960975831
2.931118710592187
3.4082399653118496
3.709269960975831
3.709269960975831
3.5331787019201495
3.5331787019201495
3.1072099696478683
3.709269960975831
3.3113299523037933
3.3113299523037933
3.709269960975831
3.709269960975831
3.3113299523037933
3.709269960975831
3.709269960975831
3.5331787019201495
3.709269960975831
3.709269960975831
2.3475421249582378
3.5331787019201495
3.5331787019201495
3.5331787019201495
3.709269960975831
3.709269960975831
3.3113299523037933
3.709269960975831
2.3570874428644686
3.709269960975831
3.709269960975831
3.4082399653118496
3.5331787019201495
3.709269960975831
3.709269960975831
3.165201916625555
3.5331787019201495
3.5331787019201495
3.5331787019201495
3.5331787019201495
3.709269960975831
3.5331787019201495
3.709269960975831
3.709269960975831
3.709269960975831
2.239447944997668
3.4082399653118496
2.968907271481587
3.709269960975831
3.5331787019201495
3.709269960975831
3.3113299523037933
3.5331787019201495
3.165201916625555
3.3113299523037933
3.709269960975831
3.709269960975831
3.709269960975831
3.4082399653118496
3.709269960975831
3.709269960975831
3.709269960975831
3.709269960975831
3.709269960975831
3.709269960975831
3.709269960975831
3.709269960975831
3.709269960975831
3.709269960975831
3.709269960975831
3.1072099696478683
3.709269960975831
3.709269960975831
3.709269960975831
3.709269960975831
3.709269960975831
3.709269960975831
3.5331787019201495
3.5331787019201495
3.709269960975831
3.709269960975831
3.709269960975831
3.5331787019201495
3.5331787019201495
3.709269960975831
3.709269960975831
3.709269960975831
3.709269960975831
3.709269960975831
3.5331787019201495
3.709269960975831
3.709269960975831
3.709269960975831
3.709269960975831
3.709269960975831
3.5331787019201495
3.709269960975831
3.709269960975831
3.709269960975831
3.709269960975831
3.709269960975831
3.709269960975831
3.709269960975831
3.3113299523037933
3.709269960975831
3.709269960975831
3.709269960975831
2.896356604332975
3.709269960975831
3.709269960975831
3.709269960975831
3.709269960975831
3.709269960975831
3.3113299523037933
3.010299956639812
3.4082399653118496
3.709269960975831
3.709269960975831
3.709269960975831
3.5331787019201495
3.709269960975831
3.709269960975831
3.709269960975831
3.709269960975831
3.709269960975831
3.5331787019201495
3.709269960975831
3.709269960975831
3.709269960975831
