0.35208939510976517
0.26956327617387293
0.22047927592204924
0.3779644730092272
0.3030457633656632
0.447213595499958
0.24976359332774037
0.25
0.2905932629027116
0.42426406871192857
0.29315098498896436
0.23690177073967147
0.216941751280299
0.216941751280299
0.31943828249996997
0.25722086013476586
0.2939723678960656
0.23809523809523805
0.3030457633656632
0.37416573867739417
0.34641016151377546
0.30000000000000004
0.39528470752104744
0.3535533905932738
0.3055050463303894
0.2736984114894404
0.17021913166291436
0.18670704681919717
0.2553378719144351
0.1767766952966369
0.24118819447136
0.2535196476019696
0.316227766016838
0.18445505858895073
0.2317736142542175
0.2721655269759087
0.30151134457776363
0.30550504633038933
0.24845199749997673
0.25768911849027926
0.2644679360999226
0.2651650429449553
0.2886751345948129
0.25495097567963926
0.3197221015541813
0.2568505834570407
0.3685138655950444
0.3535533905932738
0.29457912265490266
0.2631578947368421
0.408248290463863
0.24325212770525997
0.2905932629027116
0.3197221015541813
0.47140452079103173
0.25241218543751154
0.29315098498896436
0.2689127174136189
0.31943828249996997
0.447213595499958
0.2631578947368421
0.447213595499958
0.22017369119317778
0.19751543149590203
0.26956327617387293
0.20930232558139536
0.29397236789606557
0.47140452079103173
0.22950391981803187
0.22528750112215623
0.30550504633038933
0.20912144420325712
0.3194382824999699
0.3277773886785445
0.4
0.2392322092611504
0.25
0.3464101615137755
0.30618621784789724
0.25722086013476586
0.17021913166291436
0.18815396851618138
0.31677440041967675
0.3535533905932738
0.2748737083745107
0.3118047822311618
0.31943828249997
0.33071891388307384
0.2383011806037116
0.36421567954234174
0.3197221015541813
0.19015000603047166
0.3275155507547072
0.22534695471649932
0.3535533905932738
0.2905932629027116
0.29792179586210904
0.29154759474226505
0.37267799624996495
0.31943828249996997
0.33333333333333337
0.3779644730092272
0.3535533905932738
0.3030457633656633
0.2734817064582438
0.3673528234351999
0.3673528234351999
0.31972210155418135
0.28171808490950545
0.22047927592204924
0.3275155507547072
0.28284271247461906
0.2721655269759087
0.2688226645950821
0.42857142857142855
0.19084128332579406
0.26504326794751365
0.335029697130245
0.335299918733898
0.2905932629027116
0.26446793609992264
0.2575393768188564
0.24286809349266664
0.23809523809523805
0.29535740438815045
0.2497635933277403
0.24753394061200537
0.2790244994266217
0.2672612419124244
0.21276157950140842
0.28571428571428575
0.3779644730092272
0.35208939510976517
0.30618621784789724
0.21802022906297017
0.27355060221609656
0.2581988897471611
0.24494897427831788
0.2683694480838307
0.2721655269759087
0.26504326794751365
0.26243194054073904
0.24532669073132912
0.30304576336566325
0.3535533905932738
0.3535533905932738
0.25
0.2520913257591572
0.39528470752104744
0.2564058202082749
0.23640188277244975
0.24324324324324326
0.26446793609992253
0.21320071635561036
0.22220569705229995
0.2672612419124244
0.447213595499958
0.447213595499958
0.316227766016838
0.408248290463863
0.19506393963766833
0.5
0.2209708691207961
0.5
0.2489647988659846
0.213096589015404
0.23664319132398468
0.1874943662395012
0.3535533905932738
0.34246744460938755
0.3535533905932738
0.3277773886785445
0.37416573867739417
0.21534475856546195
0.16775309792329227
0.2715216521042782
0.33071891388307384
0.31426968052735443
0.21640692207705606
0.2857142857142857
0.30304576336566325
0.30304576336566325
0.31716197120135853
0.335299918733898
0.2905932629027116
0.21153027497748386
0.408248290463863
0.24944382578492943
0.23413760031019581
0.5291502622129182
0.42857142857142855
0.2886751345948129
0.2564364193873573
0.2195121951219512
0.2905932629027116
0.29792179586210904
0.19358549834027558
0.2631578947368421
0.20310096011589904
0.2886751345948129
0.2371527495345499
0.3277773886785445
0.38297084310253526
0.335029697130245
0.408248290463863
0.35306336486838785
0.4303314829119352
0.24052284646041733
0.2564364193873573
0.24207671142739226
0.24494897427831783
0.2748737083745107
0.2489647988659846
0.20000000000000007
0.3118047822311618
0.3333333333333333
0.31868871959954903
0.35208939510976517
0.14022134545088089
0.2905932629027116
0.29315098498896436
0.3277773886785445
0.24625615270837412
0.24037008503093263
0.22360679774997905
0.2734817064582438
0.4738035414793428
0.20824828195876077
0.2510382720441558
0.3779644730092272
0.3118047822311618
0.3908679799852858
0.28327886186626583
0.316227766016838
0.3779644730092272
0.2700308624336608
0.28747978728803447
0.3370065388122552
0.2370928462680376
0.32868410517886304
0.4
0.31943828249996997
0.30618621784789724
0.447213595499958
0.408248290463863
0.408248290463863
0.5
0.447213595499958
0.447213595499958
0.447213595499958
0.447213595499958
0.447213595499958
0.5
0.447213595499958
0.5
0.3535533905932738
0.5
0.316227766016838
0.3535533905932738
0.5
0.2549509756796393
0.447213595499958
0.2107640567158114
0.30550504633038933
0.30550504633038933
0.447213595499958
0.5
0.447213595499958
0.33333333333333337
0.5
0.408248290463863
0.447213595499958
0.3779644730092272
0.3779644730092272
0.260858845504818
0.21189138534559043
0.5
0.5
0.24478021850611373
0.2980719391478715
0.5
0.5
0.2175713172881685
0.2651650429449553
0.2420767114273922
0.447213595499958
0.5
0.22271057451320084
0.447213595499958
0.17907014185083822
0.31943828249996997
0.447213595499958
0.2821077366654541
0.5
0.447213595499958
0.3499271061118826
0.5
0.17205812524298286
0.3779644730092272
0.27971056704194136
0.26446793609992253
0.2821077366654541
0.3779644730092272
0.316227766016838
0.3464101615137755
0.447213595499958
0.2578410255561239
0.316227766016838
0.3535533905932738
0.23145502494313788
0.17451586346075793
0.447213595499958
0.2156098404660258
0.27962349760262034
0.3779644730092272
0.33502969713024505
0.2886751345948129
0.447213595499958
0.30618621784789724
0.31732387941099616
0.5
0.2462561527083741
0.26666666666666666
0.3779644730092272
0.29792179586210904
0.3779644730092272
0.3908679799852858
0.23570226039551587
0.21650635094610965
0.28327886186626583
0.26504326794751365
0.1923076923076923
0.20839033525164707
0.447213595499958
0.32014539633148525
0.22110831935702666
0.29792179586210904
0.2035193316203531
0.2748737083745107
0.408248290463863
0.408248290463863
0.2312962221629036
0.3908679799852858
0.31716197120135853
0.30550504633038933
0.33333333333333337
0.408248290463863
0.37416573867739417
0.5
0.31716197120135853
0.30550504633038933
0.447213595499958
0.2581988897471611
0.447213595499958
0.23799290955824715
0.5
0.316227766016838
0.447213595499958
0.447213595499958
0.447213595499958
0.5
0.447213595499958
0.3912303982179758
0.3779644730092272
0.2773500981126146
0.408248290463863
0.2795084971874737
0.26057865332352387
0.5
0.5
0.42857142857142855
0.31716197120135853
0.2227105745132008
0.26931895434160874
0.28571428571428575
0.21440801063471832
0.25241218543751154
0.2683281572999748
0.447213595499958
0.37416573867739417
0.1924500897298753
0.30304576336566325
0.408248290463863
0.29315098498896436
0.2564058202082749
0.25
0.3685138655950444
0.3685138655950444
0.335299918733898
0.2721655269759087
0.22015764296317775
0.2727272727272727
0.19035467455283298
0.17356110390903684
0.3277773886785445
0.21534475856546198
0.30151134457776363
0.2821077366654541
0.17099639201419237
0.24118819447136
0.26057865332352387
0.38461538461538464
0.24295632895188748
0.3423265984407288
0.20824828195876077
0.23413760031019581
0.2581988897471611
0.447213595499958
0.2821077366654541
0.26956327617387293
0.408248290463863
0.408248290463863
0.28171808490950545
0.38461538461538464
0.2572208601347659
0.31716197120135853
0.1608647068082063
0.447213595499958
0.24431084085753174
0.31622776601683794
0.29792179586210904
0.447213595499958
0.3464101615137755
0.25241218543751154
0.5
0.316227766016838
0.17104697518110681
0.408248290463863
0.2549509756796393
0.260339118457612
0.42857142857142855
0.22268088570756164
0.23982241950953684
0.3277773886785445
0.33071891388307384
0.2986294495808409
0.24052284646041733
0.2564364193873573
0.447213595499958
0.3333333333333333
0.33166247903554
0.25712973861329
0.21295885499998005
0.5
0.24052284646041733
0.22534695471649932
0.2631578947368421
0.3642156795423418
0.1845873007719482
0.3082207001484489
0.2834297266912897
0.18268218595442945
0.2738612787525831
0.316227766016838
0.2520913257591572
0.3004626062886658
0.2055158481262526
0.2564058202082749
0.3685138655950444
0.238365647311398
0.4000000000000001
0.22426738057097312
0.1942212488146553
0.18973665961010275
0.447213595499958
0.21659542988464367
0.335299918733898
0.23765601296707284
0.5
0.21440801063471834
0.408248290463863
0.3379154497963546
0.2645751311064591
0.3042903097250923
0.23521099417055985
0.3642156795423418
0.29315098498896436
0.2795084971874737
0.3030457633656632
0.20516295166207238
0.3056560248650961
0.21640692207705606
0.31972210155418135
0.5
0.3685138655950444
0.22870874995874618
0.447213595499958
0.24498666743454275
0.447213595499958
0.5773502691896257
0.27386127875258315
0.2403700850309326
0.30550504633038933
0.28020063649858984
0.21415009852164388
0.24501520355471487
0.20964943859072854
0.39528470752104744
0.5
0.31943828249996997
0.2721655269759087
0.19667943723618223
0.2903225806451613
0.3779644730092272
0.5
0.24404259198672906
0.30828772650569397
0.2826334318595975
0.2721655269759087
0.408248290463863
0.30304576336566325
0.408248290463863
0.42857142857142855
0.17759887623828857
0.3685138655950444
0.2795084971874737
0.25434495871687995
0.23386722205349855
0.1837117307087384
0.3535533905932738
0.3280836614171588
0.3072259023943795
0.29457912265490266
0.32244341248242014
0.2886751345948129
0.2564364193873573
0.5
0.21428571428571433
0.23036865898525316
0.3118047822311618
0.5
0.2489647988659846
0.447213595499958
0.408248290463863
0.3063944369932459
0.408248290463863
0.30565602486509597
0.29397236789606557
0.29792179586210904
0.3042903097250923
0.34006802040680234
0.3118047822311618
0.31180478223116176
0.447213595499958
0.447213595499958
0.2492592576310716
0.3082207001484488
0.408248290463863
0.3535533905932738
0.408248290463863
0.26449734920529067
0.22017369119317778
0.22110831935702668
0.21922235073527346
0.447213595499958
0.32919238582650323
0.35208939510976517
0.16462597342960117
0.20824828195876077
0.2651650429449553
0.2549509756796393
0.447213595499958
0.28428212488760574
0.2821077366654541
0.22426738057097312
0.25495097567963926
0.33071891388307384
0.447213595499958
0.447213595499958
0.408248290463863
0.408248290463863
0.30304576336566325
0.5
0.5
0.22427094793006871
0.23452078799117151
0.5
0.408248290463863
0.408248290463863
0.408248290463863
0.29304022962263276
0.5
0.2905932629027116
0.2721655269759087
0.5
0.2939723678960656
0.23145502494313788
0.408248290463863
0.23452078799117154
0.23452078799117154
0.31868871959954903
0.24743582965269675
0.2014515483354322
0.262445329583912
0.2433105012119288
0.31716197120135853
0.408248290463863
0.21534475856546195
0.20351933162035316
0.30151134457776363
0.22591967055246223
0.408248290463863
0.5
0.408248290463863
0.25925925925925924
0.25612496949731395
0.26956327617387293
0.31926223493493155
0.20303814862216998
0.5
0.29792179586210904
0.447213595499958
0.447213595499958
0.5
0.408248290463863
0.408248290463863
0.24022147073825922
0.447213595499958
0.447213595499958
0.25241218543751154
0.23916356546381576
0.224896670488236
0.31137262016313766
0.447213595499958
0.5
0.25
0.2539131333481868
0.37416573867739417
0.2191140660407265
0.2433105012119287
0.408248290463863
0.27422618401604176
0.3333333333333333
0.447213595499958
0.408248290463863
0.1921665943914291
0.2672612419124244
0.21427478217774168
0.15858311825512503
0.2892685065150612
0.3333333333333333
0.408248290463863
0.24118819447136
0.408248290463863
0.25
0.22782254977690686
0.3055050463303894
0.24267986270893166
0.18516401995451034
0.3197221015541813
0.447213595499958
0.3167744004196767
0.28571428571428575
0.3275155507547072
0.28965535858562946
0.5
0.22044283005422072
0.33071891388307384
0.22677868380553637
0.5
0.26577644574637044
0.22360679774997902
0.447213595499958
0.3118047822311618
0.2497635933277403
0.447213595499958
0.29411764705882354
0.2930402296226327
0.2167852296906241
0.37482778414706003
0.22878286167487122
0.2719918966379968
0.3277773886785445
0.22677868380553642
0.22426738057097312
0.2721655269759087
0.447213595499958
0.33333333333333337
0.21081851067789198
0.408248290463863
0.5
0.2
0.5
0.21110368230180818
0.18626292586293283
0.25753937681885636
0.32394177193585
0.19658196984467904
0
0.2484519974999766
0.19813177016093966
0.28327886186626583
0
0.447213595499958
0.2519435379324727
0.28510602279573916
0.2738612787525831
0.33333333333333337
0.1804333275070831
0.27355060221609656
0.262445329583912
0.3779644730092272
0.31137262016313766
0.25
0.3333333333333333
0.3333333333333333
0.2689155235423297
0.3779644730092272
0.4330127018922193
0.21640692207705603
0.408248290463863
0.3118047822311618
0.2886751345948129
0.22607766610417562
0.21911406604072647
0.5
0.3118047822311618
0.3464101615137755
0.24052284646041733
0.2719641466102106
0.2733028208226623
0.1853183424477816
0.5
0.2806243040080456
0.27429436662411405
0.2324171619468495
0.447213595499958
0.31426968052735443
0.2035193316203531
0.2072890493972125
0.2035193316203531
0.28171808490950545
0.240608696378604
0.5773502691896257
0.2373321103690879
0.3685138655950444
0.447213595499958
0.3167744004196767
0.2489647988659846
0.32014539633148525
0.3118047822311618
0.408248290463863
0.21560984046602585
0.29411764705882354
0.3277773886785445
0.2683281572999747
0.3333333333333333
0.21771580641805302
0.17458062624967416
0.447213595499958
0.5
0.16536909861128887
0.2209708691207961
0.27003086243366087
0.5
0.1983931994592948
0.28342972669128963
0.447213595499958
0.447213595499958
0.447213595499958
0.26243194054073904
0.24331050121192874
0.29154759474226505
0.1945708159019196
0.19111361460409734
0.37267799624996495
0.4330127018922193
0.26446793609992253
0.21639367524191508
0.19641855032959663
0.34667189948954846
0.447213595499958
0.25
0.3779644730092272
0.2905932629027115
0.5
0.22607766610417562
0.20072183787108738
0.2462561527083741
0.28747978728803447
0.28867513459481287
0.27196414661021057
0.3277773886785445
0.29315098498896436
0.2598076211353316
0.20404957933164197
0.21602468994692867
0.2575393768188564
0.14690144239402197
0.19675972673731135
0.2892685065150612
0.28965535858562946
0.28
0.2592592592592592
0.22047927592204924
0.28571428571428575
0.26931895434160874
0.19641855032959657
0.24431025357115074
0.447213595499958
0.196952455073554
0.26687136389024535
0.1904372589170218
0.19764235376052372
0.24295632895188754
0.19094065395649326
0.17871235972464103
0.21885316928088996
0.1986977615190124
0.2106625221173716
0.22816607010135334
0.25495097567963926
0.24777889509253573
0.414578098794425
0.2858782161229274
0.16366341767699433
0.2980719391478715
0.2238180465431956
0.30151134457776363
0.3370065388122552
0.2259196705524622
0.22169650059099058
0.20404081224408147
0.25194353793247265
0.2499178037130503
0.2738612787525831
0.25241218543751154
0.24845199749997662
0.3333333333333333
0.1936491673103709
0.3207501495497921
0.32179231789772134
0.20977393079412013
0.21613144789263336
0.1741564419547329
0.1938390123222191
0.19845487346997476
0.22680460581325732
0.21428571428571422
0.3028464566927619
0.24743582965269675
0.2200974933396436
0.17815098414818165
0.3042903097250923
0.34800469312350685
0.2592592592592592
0.2211501484000336
0.22528750112215626
0.24216105241892633
0.19317729913762965
0.19985201625794743
0.2420767114273922
0.23186024835428642
0.30434782608695654
0.2160551223891374
0.408248290463863
0.20615528128088306
0.1934294858246657
0.2489647988659846
0.2083333333333333
0.23276199235965478
0.31426968052735443
0.305656024865096
0.19245008972987523
0.29032258064516125
0.23094010767585033
0.31426968052735443
0.24494897427831783
0.28571428571428575
0.28965535858562946
0.19404532202453018
0.316227766016838
0.20000000000000007
0.1845916413981795
0.2749806661015982
0.3779644730092272
0.21081851067789195
0.2795084971874737
0.19550739243278692
0.31426968052735443
0.2510382720441558
0.19745545787592345
0.20351933162035307
0.25
0.21110368230180818
0.24743582965269675
0.2313924272340977
0.23699725073444192
0.29807193914787145
0.2549724630285569
0.21108782907855825
0.2151657414559677
0.25394841192330253
0.2576941016011038
0.28571428571428575
0.33166247903554
0.3644344934278313
0.20774710910306196
0.29315098498896436
0.21194781197266463
0.2366742326032319
0.22821773229381923
0.23690177073967142
0.216406922077056
0.3525058226889108
0.2631578947368421
0.26057865332352387
0.2309190201437171
0.2064899543300726
0.25573098231364355
0.19422124881465536
0.42857142857142855
0.21125363706585903
0.2795084971874737
0.2795084971874737
0.30724582991474436
0.4714045207910317
0.19546716262153893
0.27003086243366087
0.23570226039551584
0.305656024865096
0.3286841051788631
0.2568505834570407
0.2290075204975689
0.2644679360999226
0.25391313334818677
0.19641855032959654
0.22405253382232332
0.1903749026271474
0.2905932629027116
0.2748640895020645
0.37267799624996495
0.2721655269759087
0.23385358667337133
0.18717532443173318
0.22205779584216376
0.33071891388307384
0.25
0.2651316363252391
0.29792179586210904
0.39086797998528583
0.2727272727272727
0.34667189948954846
0.1992047682223989
0.23452078799117154
0.24253562503633294
0.23276199235965478
0.23385358667337133
0.22941573387056177
0.25514104512717517
0.24253562503633297
0.29792179586210904
0.2696336996029821
0.24331050121192874
0.19468146967692768
0.2389423060187047
0.2418969521040155
0.3015113445777636
0.23276199235965478
0.19723858959262955
0.3535533905932738
0.3118047822311618
0.22528750112215623
0.2359688618384982
0.4142434467026542
0.22878286167487122
0.2631578947368421
0.28284271247461906
0.22448979591836737
0.2700308624336608
0.20671137326411115
0.25
0.20759853372617865
0.30304576336566325
0.21742292260184354
0.28327886186626583
0.3525058226889108
0.2575393768188564
0.24777889509253573
0.3055050463303894
0.24253562503633294
0.3685138655950444
0.24354304629905638
0.5773502691896257
0.24222607082590245
0.1970563847278606
0.2078080439794375
0.23131737698273683
0.3766543669078146
0.19764235376052372
0.28327886186626583
0.3608239263368971
0.2790244994266217
0.2727272727272727
0.25
0.24207671142739223
0.25153847605937274
0.22499908685620823
0.212372272646469
0.2640436378023371
0.1924500897298753
0.31943828249996997
0.31622776601683794
0.3118047822311618
0.2939723678960656
0.17399263633843817
0.21570955529344998
0.2378795720744457
0.38461538461538464
0.2312962221629036
0.26836944808383073
0.316227766016838
0.31151709229538266
0.2630668208823282
0.2930402296226327
0.25241218543751154
0.3055050463303894
0.24052284646041733
0.3156095293238149
0.26590801173915524
0.29291435022553497
0.20655239475589832
0.23799290955824715
